---------------
without_budget
---------------
INST_NAME        SOLUTION  COLLAB  FIGHT_EXP
V2_423           1491      708     783
V2_763           1010      98      912
V4_423           3962      2489    1473
V4_763           3828      2451    1377
V6_423           8541      5280    3261
V6_763           7293      5688    1605
V8_423           12635     7355    5280
V8_763           10096     7780    2316
V10_423          20368     12469   7899
V10_763          12790     9781    3009
V12_423          26551     15865   10686
V12_763          16391     12809   3582
V14_423          31723     19156   12567
V14_763          22569     18423   4146
V16_423          34714     20173   14541
V16_763          25811     21398   4413
V18_423          41366     24440   16926
V18_763          32220     24633   7587
V20_423          46752     27699   19053
V20_763          37666     27526   10140
-------------
with_budget
-------------
INST_NAME        SOLUTION  COLLAB  FIGHT_EXP  HEROES_TEAM                                                              BUDGET
V2_423           97        40      57         4,58                                                                     805.787
V2_763           54        0       54         270,28                                                                   1025.55
V4_423           722       83      639        4,222,227,63                                                             2490.62
V4_763           210       210     0          325,348,208,295                                                          1684.83
V6_423           981       102     879        330,363,376,344,303,245                                                  3394.07
V6_763           621       543     78         360,224,220,237,172,11                                                   2434.46
V8_423           1599      354     1245       330,73,363,227,58,4,334,376                                              4492.87
V8_763           1620      1602    18         348,61,208,44,295,194,335,81                                             2745.16
V10_423          4503      1362    3141       365,204,80,222,88,330,96,177,355,28                                      4785.89
V10_763          1302      1017    285        159,367,222,330,88,96,151,270,177,28                                     3516.16
V12_423          5390      1673    3717       365,204,80,222,88,330,96,145,177,355,28,245                              5957.94
V12_763          1482      1308    174        159,80,227,367,58,73,222,88,330,151,177,28                               4883.56
V14_423          6706      2272    4434       204,80,222,88,330,96,151,145,111,189,177,355,28,32                       6250.96
V14_763          1604      1175    429        159,367,227,58,73,344,189,356,255,270,4,69,177,28                        6055.61
V16_423          7511      2300    5211       204,80,222,88,330,96,151,145,111,50,292,177,355,28,32,245                7862.53
V16_763          1938      1683    255        159,80,227,367,58,73,344,189,356,255,222,88,330,177,28,355               7178.83
V18_423          5620      1789    3831       80,367,222,88,330,145,151,73,134,227,356,344,363,177,355,28,245,4        8497.39
V18_763          2609      1607    1002       159,367,227,58,73,189,344,222,330,96,151,376,356,255,270,177,355,28      7471.85
V20_423          9152      2861    6291       177,355,28,159,204,15,80,367,206,222,88,330,96,145,111,50,245,144,4,209  9889.21
V20_763          4340      2489    1851       177,355,28,159,80,367,134,227,73,292,145,58,363,189,222,330,88,96,245,4  8912.5
